   3.6396368e-04
   3.1009838e-04
   2.6924755e-04
   2.3475189e-04
   2.0365023e-04
   1.7527353e-04
   1.5085913e-04
   1.2969704e-04
   1.1752717e-04
   1.1223302e-04
   1.0800443e-04
   1.0401112e-04
   1.0036918e-04
   9.6919790e-05
   9.3728225e-05
   9.0857808e-05
   8.7972344e-05
   8.5686656e-05
   8.3869466e-05
   8.2492313e-05
   8.1536349e-05
   8.0813671e-05
   8.0203841e-05
   7.9716289e-05
   7.9183155e-05
   7.8691812e-05
   7.8268210e-05
   7.7815845e-05
   7.7392497e-05
   7.7041946e-05
   7.6584370e-05
   7.6260192e-05
   7.5873250e-05
   7.5540451e-05
   7.5226189e-05
   7.4974828e-05
   7.4771883e-05
   7.4402196e-05
   7.4267752e-05
   7.4049674e-05
   7.3853587e-05
   7.3680933e-05
   7.3641376e-05
   7.3461271e-05
   7.3368585e-05
   7.3283740e-05
   7.3214056e-05
   7.3164735e-05
   7.3049274e-05
   0.0000000e+00
   0.0000000e+00
   0.0000000e+00
   0.0000000e+00
   0.0000000e+00
   0.0000000e+00
   0.0000000e+00
   0.0000000e+00
   0.0000000e+00
   0.0000000e+00
   0.0000000e+00
