   1.4877068e-03
   1.3024115e-03
   1.1480736e-03
   1.0192429e-03
   9.0061160e-04
   7.9592389e-04
   6.9542034e-04
   6.0684697e-04
   5.1813174e-04
   4.4025307e-04
   3.7305922e-04
   3.1947544e-04
   2.7392068e-04
   2.3560972e-04
   2.1114127e-04
   1.9420057e-04
   1.8437583e-04
   1.7690064e-04
   1.7093484e-04
   1.6598679e-04
   1.6225205e-04
   1.5866464e-04
   1.5576979e-04
   1.5281531e-04
   1.5011828e-04
   1.4759212e-04
   1.4590501e-04
   1.4438026e-04
   1.4331280e-04
   1.4225823e-04
   1.4162885e-04
   1.4046783e-04
   1.3991741e-04
   1.3893994e-04
   1.3858955e-04
   1.3784891e-04
   1.3730616e-04
   1.3719672e-04
   1.3671264e-04
   1.3662043e-04
   1.3656708e-04
   1.3653469e-04
   1.3628006e-04
   1.3602342e-04
   1.3616482e-04
   1.3613126e-04
   1.3609743e-04
   1.3631655e-04
   1.3626031e-04
   1.3624329e-04
   1.3616618e-04
   1.3610930e-04
   1.3600656e-04
   1.3630324e-04
   1.3644152e-04
   1.3631323e-04
   1.3618584e-04
   1.3640658e-04
   1.3651996e-04
   1.3634587e-04
   1.3621306e-04
   1.3643048e-04
   1.3659975e-04
   1.3604518e-04
   1.3608202e-04
   1.3581617e-04
   1.3583309e-04
   1.3565564e-04
   0.0000000e+00
   0.0000000e+00
   0.0000000e+00
   0.0000000e+00
   0.0000000e+00
   0.0000000e+00
   0.0000000e+00
   0.0000000e+00
   0.0000000e+00
   0.0000000e+00
   0.0000000e+00
   0.0000000e+00
   0.0000000e+00
   0.0000000e+00
   0.0000000e+00
   0.0000000e+00
   0.0000000e+00
   0.0000000e+00
   0.0000000e+00
   0.0000000e+00
   0.0000000e+00
   0.0000000e+00
   0.0000000e+00
   0.0000000e+00
   0.0000000e+00
   0.0000000e+00
   0.0000000e+00
   0.0000000e+00
   0.0000000e+00
   0.0000000e+00
   0.0000000e+00
   0.0000000e+00
